%YAML:1.0
---
CameraExtrinsicMat: !!opencv-matrix
   rows: 4
   cols: 4
   dt: d
   data: [ 1., 0., 0., 0., 0., 1., 0., 0., 0., 0., 1., 0., 0., 0., 0.,
       1. ]
CameraMat: !!opencv-matrix
   rows: 3
   cols: 3
   dt: d
   data: [473.099413, 0.000000, 329.903568, 0.000000, 470.902628, 242.067298, 0.000000, 0.000000, 1.000000]
DistCoeff: !!opencv-matrix
   rows: 5
   cols: 1
   dt: d
   data: [-0.0, 0.0, 0.000459, 0.000342, 0.000000]
ImageSize: [640, 480]
Reprojection Error: 0.0
DistModel: plumb_bob
